version https://git-lfs.github.com/spec/v1
oid sha256:c7835f56b60ed049ef74f9e28ede43caaa58d8512e236d9c2ca1ebcdeac2f31b
size 391
