version https://git-lfs.github.com/spec/v1
oid sha256:ab1a0da520f5355b70491320b17357b625a068bb1f8886ddda74825976564e9f
size 395
