version https://git-lfs.github.com/spec/v1
oid sha256:d0dec1826a7c2bfce4020ba2a5cd3581c35f918483bb09d23c88b191b146da8b
size 345
